-0.000965856074252022	0.00248419303484277	-0.0599407699901283
-0.00340239849247439	-0.00311687572828694	-0.059822309970385
0.00533945886192712	-0.00263447910089519	-0.0597038499506417
0.000615599453466109	0.00701443825945407	-0.0595853899308983
-0.00766218531148419	-0.00223050738493655	-0.059466929911155
0.00536528279072655	-0.00699806131180194	-0.0593484698914116
0.00497453175068923	0.00818901486526059	-0.0592300098716683
-0.0101298579497755	0.00179182923872735	-0.059111549851925
0.00212891566597387	-0.0107369953962605	-0.0589930898321816
0.00975907830959069	0.00620792678723161	-0.0588746298124383
-0.00979592983075944	0.00719390506212287	-0.058756169792695
-0.00330033547470387	-0.0122770834621869	-0.0586377097729516
0.013170069767543	0.00143061897082378	-0.0585192497532083
-0.00634225079322157	0.0122116179674724	-0.058400789733465
-0.00940905204445429	-0.0107069969069666	-0.0582823297137216
0.0138359272797265	-0.00505285845161269	-0.0581638696939783
-0.000313872039156018	0.0151865697276662	-0.0580454096742349
-0.0144525944044266	-0.00596582087454285	-0.0579269496544916
0.0110962355489512	-0.0116211911089782	-0.0578084896347483
0.00698845424234814	0.0149339207953725	-0.0576900296150049
-0.0168594029793457	0.00112911714094742	-0.0575715695952616
0.0051763149501791	-0.0165029077328829	-0.0574531095755183
0.0138090208932795	0.0110475744978456	-0.0573346495557749
-0.0156291647311396	0.00905742042657901	-0.0572161895360316
-0.00283525358669604	-0.0182156696605948	-0.0570977295162883
0.0183595003699165	0.00403628465387924	-0.0569792694965449
-0.0106118442393174	0.0159448144386612	-0.0568608094768016
-0.0112158463924942	-0.0159533873454216	-0.0567423494570582
0.0192648038722298	-0.00475420621715733	-0.0566238894373149
-0.002593040175098	0.0200103120661864	-0.0565054294175716
-0.0179991275839739	-0.00982553247128174	-0.0563869693978282
0.0159270136354049	-0.0134233039534236	-0.0562685093780849
0.0068420554156987	0.0200089538643157	-0.0561500493583416
-0.0214400306512091	-0.000886612579372216	-0.0560315893385982
0.00871857683739799	-0.0199426274022105	-0.0559131293188549
0.0156417770515823	0.015565657341448	-0.0557946692991115
-0.0204476113205723	0.00905841661455227	-0.0556762092793682
-0.00104655637784043	-0.0226327465622856	-0.0555577492596249
0.021746976484185	0.00731807504560167	-0.0554392892398815
-0.0148833004589713	0.0178351681193166	-0.0553208292201382
-0.0113650375400738	-0.0205799503492115	-0.0552023692003949
0.0235733510820647	-0.00317176104702989	-0.0550839091806515
-0.0056501992067435	0.0233853511297934	-0.0549654491609082
-0.0199691026423434	-0.0138939814959032	-0.0548469891411648
0.0204061144140563	-0.0137251081863191	-0.0547285291214215
0.00545507400554625	0.0242483508780277	-0.0546100691016782
-0.0248327970516953	-0.00374122042265759	-0.0544916090819349
0.0126127317410094	-0.0220108986434002	-0.0543731490621915
0.0161029492042278	0.0199279638657168	-0.0542546890424482
-0.0246463795520647	0.00786286729996233	-0.0541362290227048
0.00161805025066688	-0.0260665023608655	-0.0540177690029615
0.0239296306918461	0.0110560963311394	-0.0538993089832182
-0.0191495202124646	0.0184639150886349	-0.0537808489634748
-0.0103616091199065	-0.0247585352817559	-0.0536623889437315
0.0270660211845062	-0.000691500269535658	-0.0535439289239882
-0.00924240780282116	0.0256962481768822	-0.0534254689042448
-0.0207744249165808	-0.0180772252619982	-0.0533070088845015
0.024578608487421	-0.0129178277772741	-0.0531885488647581
0.00315863708023047	0.027813462240031	-0.0530700888450148
-0.0272837232089029	-0.00719190187715685	-0.0529516288252715
0.016720078351487	-0.0230020706434596	-0.0528331688055281
0.0154981815096808	0.0241032331342268	-0.0527147087857848
-0.0282936483904963	0.00575361421157614	-0.0525962487660415
0.00492672659952098	-0.0286672121649887	-0.0524777887462981
0.025115772443796	0.0150896875334128	-0.0523593287265548
-0.0233319802611162	0.0180695969477067	-0.0522408687068114
-0.008445842803049	-0.0284942494550117	-0.0521224086870681
0.0298242199642706	0.00247087566037906	-0.0520039486673248
-0.0132002562077941	0.0270859613794728	-0.0518854886475814
-0.0205994524795967	-0.0222674045318584	-0.0517670286278381
0.0284058888470998	-0.0112040546027383	-0.0516485686080948
0.000149934458412773	0.030734759288644	-0.0515301085883514
-0.0288847759718789	-0.0110685188039007	-0.0514116485686081
0.0209150504172751	-0.0230557904773064	-0.0512931885488648
0.0139965041495928	0.028022223886786	-0.0511747285291214
-0.0313814989961048	0.00290843027349098	-0.0510562685093781
0.00871363464176629	-0.030486263096731	-0.0509378084896348
0.0254075469989588	0.0192834223257036	-0.0508193484698914
-0.0273399993859668	0.0167911984069326	-0.0507008884501481
-0.00577598057824374	-0.031749897361137	-0.0505824284304047
0.0318665760724513	0.00615704650513905	-0.0504639684106614
-0.0173839217414194	0.0276247904923857	-0.0503455083909181
-0.0195561454336133	-0.0263590741054962	-0.0502270483711747
0.0318283167733405	-0.00872282206643513	-0.0501085883514314
-0.00342230892404205	0.0330041644495021	-0.0499901283316881
-0.0296789629159277	-0.0152307537573935	-0.0498716683119447
0.0250824198087388	-0.0222596154767105	-0.0497532082922014
0.0117183055935493	0.0316081172793622	-0.0496347482724581
-0.0338799511524178	-0.000534890254025505	-0.0495162882527147
0.0128408050533123	-0.0315431179728429	-0.0493978282329714
0.0248704090549203	0.0235160928290826	-0.049279368213228
-0.0310837269522311	0.0147311582827322	-0.0491609081934847
-0.00247804790046663	-0.0344774934664468	-0.0490424481737414
0.0331921520607258	0.0102334952330628	-0.048923988153998
-0.0216691782951821	0.0273581274130391	-0.0488055281342547
-0.0177297572796334	-0.0302526875701683	-0.0486870681145114
0.0347831250092867	-0.00558789068657997	-0.048568608094768
-0.00743060341644886	0.0346030242085232	-0.0484501480750247
-0.029693441307408	-0.0195537073991223	-0.0483316880552813
0.029115674517171	-0.0206824113633632	-0.048213228035538
0.00876482637523658	0.0347860763541801	-0.0480947680157947
-0.0357549617975568	-0.00445607202851057	-0.0479763079960513
0.0171845483384031	-0.0318483545176463	-0.047857847976308
0.0235576469046248	0.0276764902010647	-0.0477393879565647
-0.0344785724165346	0.0119781161521271	-0.0476209279368213
0.00133578981597791	-0.0366296492933594	-0.047502467917078
0.0337964588262942	0.0145792718058182	-0.0473840078973346
-0.025942030634417	0.0263244948744338	-0.0472655478775913
-0.0151963744280193	-0.0338559051092687	-0.047147087857848
0.0372113975863393	-0.0019026437754951	-0.0470286278381046
-0.0117579921374383	0.0355131775000368	-0.0469101678183613
-0.0289527757782923	-0.0239222251477719	-0.046791707798618
0.0329164801293892	-0.0183878567990754	-0.0466732477788746
0.00523017062042951	0.0374872918731593	-0.0465547877591313
-0.0369759945665322	-0.00874318545473743	-0.0464363277393879
0.021629949508141	-0.0314133795409022	-0.0463178677196446
0.0215207528095159	0.0316618370706757	-0.0461994076999013
-0.0374473163212355	0.00861653998051835	-0.046080947680158
0.00555948634992889	-0.0381646674240873	-0.0459624876604146
0.033678537508652	0.0190809130012086	-0.0458440276406713
-0.030096642371437	0.0245634806920715	-0.0457255676209279
-0.0120305861749495	-0.0370844540547799	-0.0456071076011846
0.0390614205569039	0.00223346486162758	-0.0454886475814413
-0.0162935203048829	0.0357220838794536	-0.0453701875616979
-0.0274849812926736	-0.0282286549061426	-0.0452517275419546
0.0363947612877924	-0.0154405153273173	-0.0451332675222113
0.00120661433043714	0.0396511183622019	-0.0450148075024679
-0.0375197040177915	-0.0132887092348268	-0.0448963474827246
0.0260686643173133	-0.0302550084294125	-0.0447778874629812
0.0188141985968324	0.0353774147105342	-0.0446594274432379
-0.0399214153308703	0.004731048399599	-0.0445409674234946
0.0100897656796955	-0.0390491672701545	-0.0444225074037512
0.0328444129944698	0.0236304024604805	-0.0443040473840079
-0.034034731512841	0.0221194692550199	-0.0441855873642646
-0.00830896631915327	-0.0398628820622509	-0.0440671273445212
0.0402905420646787	0.00672211726395447	-0.0439486673247779
-0.020930428600228	0.0352254181835852	-0.0438302073050345
-0.0253244209427559	-0.0323721617007722	-0.0437117472852912
0.039469105837062	-0.0119086099023445	-0.0435932872655479
-0.00321310747910701	0.0412263912594245	-0.0434748272458046
-0.0373718833314916	-0.0179879892488379	-0.0433563672260612
0.0303982526321456	-0.0283977044376847	-0.0432379072063179
0.0154976234735857	0.0387367647202909	-0.0431194471865745
-0.0418419458966578	0.000408247791400323	-0.0430009871668312
0.0148248537802115	-0.039259553943908	-0.0428825271470879
0.0313088202787946	0.0281245859610077	-0.0427640671273445
-0.0376656744174605	0.0190433496292531	-0.0426456071076012
-0.00411151926303398	-0.0421252557252464	-0.0425271470878578
0.0408662956471881	0.0114651271792053	-0.0424086870681145
-0.0255656874395238	0.0340284046340964	-0.0422902270483712
-0.0225131284889873	-0.0362588073620946	-0.0421717670286278
0.0420673150690541	-0.00786513652122089	-0.0420533070088845
-0.00793504149936296	0.0421723099248868	-0.0419348469891412
-0.0365285058581604	-0.0227389102772301	-0.0418163869693978
0.0345222837679124	-0.0258745978045845	-0.0416979269496545
0.0116366712128944	0.0416621628448094	-0.0415794669299112
-0.043160329675623	-0.00426272779878703	-0.0414610069101678
0.0196642930003149	-0.0387828492688562	-0.0413425468904245
0.0290959912825891	0.0324653346349923	-0.0412240868706812
-0.0409069557669496	0.0153931286966716	-0.0411056268509378
0.000477970503586626	-0.0438157928074973	-0.0409871668311945
0.0407670877763141	0.0163643929859298	-0.0408687068114511
-0.0301002369528609	0.0321464324894153	-0.0407502467917078
-0.0191012456098974	-0.0398020140177352	-0.0406317867719645
0.0441269922797584	-0.00338805369052825	-0.0405133267522211
-0.0128640970673015	0.0424590361208118	-0.0403948667324778
-0.0349962217434621	-0.0274422215936106	-0.0402764067127345
0.038350838906754	-0.0227277907538565	-0.0401579466929911
0.00730305012616971	0.0440852012108085	-0.0400394866732478
-0.0438388866193945	-0.0091904108124752	-0.0399210266535045
0.0245093546326869	-0.0376171134572311	-0.0398025666337611
0.0262398666646978	0.0365601022928842	-0.0396841066140178
-0.043684771891403	0.011233891328167	-0.0395656465942744
0.00537222827181572	-0.0448894044820115	-0.0394471865745311
0.0399825814730885	0.0213223930722275	-0.0393287265547877
-0.0344396077918784	0.0296052092273026	-0.0392102665350444
-0.0151469105099884	-0.0429232077712357	-0.0390918065153011
0.0455961009356569	0.00144008416510609	-0.0389733464955577
-0.017904616169723	0.0420680700385277	-0.0388548864758144
-0.0327924827022322	-0.0320022240420444	-0.0387364264560711
0.0418012077240837	-0.019008200891475	-0.0386179664363277
0.00257410936272405	0.0459473825877831	-0.0384995064165844
-0.0438512281894861	-0.0142816337915923	-0.0383810463968411
0.0292637905468482	-0.0357715675721002	-0.0382625863770977
0.0227839182213642	0.040322682139416	-0.0381441263573544
-0.0459346756666087	0.00663733914939874	-0.0380256663376111
0.0104811734154437	-0.0453121254523555	-0.0379072063178677
0.0385138386725537	0.0262429968547896	-0.0377887462981244
-0.0384947406347122	0.0264405838659257	-0.0376702862783811
-0.010715778199599	-0.0455525239939357	-0.0375518262586377
0.0464334469357639	0.00653284759415043	-0.0374333662388944
-0.0229612360714668	0.040992431154133	-0.037314906219151
-0.0299453858159083	-0.0363276514307072	-0.0371964461994077
0.0447986597740092	-0.014775081160968	-0.0370779861796644
-0.00246790386863578	0.0472006660602293	-0.036959526159921
-0.0431824919237708	-0.0194424339244993	-0.0368410661401777
0.0338347726792114	-0.0332664749781147	-0.0367226061204343
0.0187806855307668	0.0436740465177399	-0.036604146100691
-0.0476021933662102	0.00168104072778705	-0.0364856860809477
0.015712854816895	-0.0450614143377285	-0.0363672260612043
0.0363732541550079	0.0310324562780104	-0.036248766041461
-0.0421828936632623	0.022698115978445	-0.0361303060217177
-0.00588027829320656	-0.0476295000469723	-0.0360118460019743
0.0466090540601355	0.0118008865069514	-0.035893385982231
-0.027939924947453	0.0392366571755192	-0.0357749259624877
-0.0264932891382297	-0.0403326426993332	-0.0356564659427443
0.0472772150704	-0.0100952994113047	-0.035538005923001
-0.00773680524088112	0.047807924161918	-0.0354195459032577
-0.0418294157219553	-0.0245791235768199	-0.0353010858835143
0.0381339248451766	-0.0301328162180759	-0.035182625863771
0.0142910907413588	0.0465431949814876	-0.0350641658440276
-0.0486433677122071	-0.00355252333667061	-0.0349457058242843
0.0209745460732067	-0.0441263115011102	-0.034827245804541
0.0335843007861404	0.0356004905872248	-0.0347087857847976
-0.0454285657127628	0.0184324382746454	-0.0345903257650543
-0.00071867862723437	-0.0491037063068361	-0.0344718657453109
0.0461044115311987	0.0171530391597643	-0.0343534057255676
-0.0327491116173965	0.036816629134001	-0.0342349457058243
-0.0224842336347887	-0.0439377359713455	-0.034116485686081
0.0491803631846147	-0.00504243272840079	-0.0339980256663376
-0.0131435847717721	0.0477432844591294	-0.0338795656465943
-0.0398002506762717	-0.0295994559571379	-0.0337611056268509
0.0420783820166168	-0.0264117807695396	-0.0336426456071076
0.00938357531544382	0.0488679597998868	-0.0335241855873643
-0.0490251959836326	-0.00897706288644631	-0.0334057255676209
0.0261739372844886	-0.0425074459285987	-0.0332872655478776
0.0301811003742685	0.0398614038894159	-0.0331688055281342
-0.0481643849475644	0.0137064468188812	-0.0330503455083909
0.00468599679410161	-0.0499352816374182	-0.0329318854886476
0.0449125797098305	0.0224975397055943	-0.0328134254689042
-0.0373008534003076	0.0337592294030378	-0.0326949654491609
-0.01797519718088	-0.0470708357724357	-0.0325765054294176
0.0504616953743726	0.000304282972821751	-0.0324580454096742
-0.0185976194258409	0.0469923373381124	-0.0323395853899309
-0.0371145130616854	-0.0344138344285062	-0.0322211253701876
0.0455918302360682	-0.0221540942744885	-0.0321026653504442
0.00413309213538381	0.0505957326141641	-0.0319842053307009
-0.0487259417339771	-0.014503684977076	-0.0318657453109576
0.031220376322535	-0.040216886738254	-0.0317472852912142
0.0262078326534999	0.0437351908599118	-0.0316288252714709
-0.0503319266146483	0.00859034603263349	-0.0315103652517276
0.010247157844548	-0.0500953495048696	-0.0313919052319842
0.0430381454090594	0.0277432814264216	-0.0312734452122409
-0.0415119998102531	0.0301018399671649	-0.0311549851924975
-0.0130312022475647	-0.0496681172703784	-0.0310365251727542
0.0510854242635774	0.00586111550854255	-0.0309180651530109
-0.024007947979527	0.0455521981626258	-0.0307996051332675
-0.0338025783901199	-0.0389365256372814	-0.0306811451135242
0.0486054916713376	-0.0174191980081151	-0.0305626850937808
-0.00138001907004467	0.0516840856261157	-0.0304442250740375
-0.0477353056082611	-0.0200421698515322	-0.0303257650542942
0.0360261222246824	-0.0372778384566735	-0.0302073050345508
0.0217179948689032	0.0471485959976454	-0.0300888450148075
-0.0518824325412558	0.00316057223452855	-0.0299703849950642
0.0158759147754929	-0.0495662980795328	-0.0298519249753208
0.040497022749964	0.0328011007456205	-0.0297334649555775
-0.045305318571518	0.0258916896278282	-0.0296150049358342
-0.00772429720851498	-0.0516748398221762	-0.0294965449160908
0.0510267727046636	0.0115410829288069	-0.0293780848963475
-0.0292845756538638	0.0434314169795729	-0.0292596248766042
-0.029905122860169	-0.0430868441348802	-0.0291411648568608
0.0510590269788397	-0.012274297043484	-0.0290227048371175
-0.00707124788340139	0.0521012675940691	-0.0289042448173741
-0.0460544460855174	-0.0255022859630399	-0.0287857847976308
0.0405075796678936	-0.0337241824145282	-0.0286673247778875
0.0167735252506235	0.0500360986857278	-0.0285488647581441
-0.052777411588642	-0.00250138210071921	-0.0284304047384008
0.0214823932806872	-0.0483419131311698	-0.0283119447186575
0.0373160992541868	0.0375850523078494	-0.0281934846989141
-0.0486105564614298	0.0211850605326984	-0.0280750246791708
-0.00213243071732304	-0.0530460482192507	-0.0279565646594274
0.0502722188915386	0.0172552582649819	-0.0278381046396841
-0.0343397801675989	0.0406497330887322	-0.0277196446199408
-0.0254724199249363	-0.0467902813822863	-0.0276011846001974
0.0529013327464049	-0.00679329399400991	-0.0274827245804541
-0.0128531973593018	0.0518265602051136	-0.0273642645607108
-0.0436958453241719	-0.0307951170856915	-0.0272458045409674
0.0445864878996975	-0.0295998695266878	-0.0271273445212241
0.0114438048373323	0.0523408013774218	-0.0270088845014807
-0.0529891053359725	-0.00831022183128647	-0.0268904244817374
0.0269770725648802	-0.0464273569641318	-0.0267719644619941
0.0335327301621264	0.0420136490776621	-0.0266535044422507
-0.0513654119946484	0.0160463661966064	-0.0265350444225074
0.00366176129735781	-0.0537471447864239	-0.0264165844027641
0.0488195892196332	0.022914108369331	-0.0262981243830207
-0.0390893938116472	0.0372376753472085	-0.0261796643632774
-0.0205635019674762	-0.0499795559703982	-0.026061204343534
0.0540912162074686	-0.00105562595047376	-0.0259427443237907
-0.0186369134526413	0.0508504847286876	-0.0258242843040474
-0.0406830190015885	-0.0358343768298107	-0.0257058242843041
0.0481910408902237	-0.024958172367172	-0.0255873642645607
0.00580455338236272	0.0540152022730604	-0.0254689042448174
-0.05250080744913	-0.0141781590758741	-0.025350444225074
0.0322721225108565	-0.0438389904275431	-0.0252319842053307
0.0291940868955145	0.0460110442537122	-0.0251135241855874
-0.0535164006127274	0.010547114904248	-0.024995064165844
0.00957223614688769	-0.0537543194664989	-0.0248766041461007
0.046677994182437	0.0284288437774542	-0.0247581441263574
-0.0434540384693698	0.033236012213092	-0.024639684106614
-0.0152451991644744	-0.0525955651335451	-0.0245212240868707
0.0545979331526257	0.00485497696652941	-0.0244027640671273
-0.0243332375383762	0.0491748525959679	-0.024284304047384
-0.0370500723073675	-0.0405376877047838	-0.0241658440276407
0.0512569183048046	-0.0198608068383768	-0.0240473840078973
-6.33637035988111e-05	0.0550218373176525	-0.023928923988154
-0.0513070288275076	-0.0200162583542059	-0.0238104639684107
0.0372827173936392	-0.0406040383784959	-0.0236920039486673
0.0243563682063097	0.0495081342248903	-0.023573543928924
-0.0550195962171157	0.00476477396303722	-0.0234550839091807
0.0155108721893529	-0.0530548285207718	-0.0233366238894373
0.0438676059601708	0.0337127574345859	-0.023218163869694
-0.047360292537774	0.0286950583338149	-0.0230997038499506
-0.0095910695009392	-0.0545882205044707	-0.0229812438302073
0.0544015782918136	0.0108517922849482	-0.022862783810464
-0.0298541603421164	0.0468126568950115	-0.0227443237907206
-0.032841107178638	-0.0448278035140959	-0.0226258637709773
0.0537282094560605	-0.0143769358705054	-0.022507403751234
-0.00607519934246121	0.055333779479966	-0.0223889437314906
-0.049413503908869	-0.0257357958239683	-0.0222704837117473
0.0419283048569398	-0.0367601019880579	-0.022152023692004
0.0190838849001225	0.0524435640381097	-0.0220335636722606
-0.055841235798757	-0.00121844834401775	-0.0219151036525173
0.021388823461992	-0.0516471156721999	-0.0217966436327739
0.0404192794113611	0.0386825310328325	-0.0216781836130306
-0.0507417706317435	0.0236738469990956	-0.0215597235932873
-0.00368023554733372	-0.0559171537427108	-0.0214412635735439
0.0534933203988907	0.0168464453611927	-0.0213228035538006
-0.0351141561626587	0.0437878048350691	-0.0212043435340573
-0.0281094885103132	-0.0486337554802151	-0.0210858835143139
0.0555582148349108	-0.00858206946821277	-0.0209674234945706
-0.0121436408045171	0.0549349862113042	-0.0208489634748273
-0.046837036553095	-0.0312496117323527	-0.0207305034550839
0.0461338101704148	-0.0323545240202937	-0.0206120434353406
0.0134480311020863	0.0547646190369775	-0.0204935834155972
-0.0559581766942784	-0.00731688510608483	-0.0203751233958539
0.0271178805984153	-0.0495407725082788	-0.0202566633761106
0.0363740209828428	0.0432594887061476	-0.0201382033563672
-0.0535400988859359	0.0182391800259745	-0.0200197433366239
0.00240385499272619	-0.0565522802680422	-0.0199012833168806
0.0518754774858376	0.0227502689656759	-0.0197828232971372
-0.0400314769715746	0.0401346940734445	-0.0196643632773939
-0.0229169794595748	-0.0518919041690705	-0.0195459032576505
0.0567101122291625	-0.0025568770392201	-0.0194274432379072
-0.0181801582035328	0.0538204888009686	-0.0193089832181639
-0.0436051867742669	-0.0364734356176133	-0.0191905231984205
0.0498307571964107	-0.0274436157118721	-0.0190720631786772
0.00752615684777269	0.0564279885375722	-0.0189536031589339
-0.0553581987015308	-0.0134427385397485	-0.0188351431391905
0.0326118176299908	-0.0467563377936556	-0.0187166831194472
0.031782312636029	0.0473707789785998	-0.0185982230997038
-0.0557057706647731	0.0124645686308125	-0.0184797630799605
0.00857472682690064	-0.0564742119004319	-0.0183613030602172
0.0495614300484909	0.0284756620528686	-0.0182428430404738
-0.0445293868637642	0.0358976384411994	-0.0181243830207305
-0.0173327581005186	-0.0545468810612617	-0.0180059230009872
0.0571574768597155	0.00361407071399022	-0.0178874629812438
-0.0240963655453557	0.0519964200811823	-0.0177690029615005
-0.0397558022706149	-0.0413271644282663	-0.0176505429417572
0.0529582890481355	-0.0220917561436333	-0.0175320829220138
0.00140035832637834	0.0574003896674514	-0.0174136229022705
-0.054040145945056	-0.0195074336370498	-0.0172951628825272
0.0377877046511043	-0.0433249380376308	-0.0171767028627838
0.0267033002562129	0.0509504671866157	-0.0170582428430405
-0.057198869577612	0.00642908056745794	-0.0169397828232971
0.0147442137226297	-0.0556745117701095	-0.0168213228035538
0.0465753731151942	0.0339374276279986	-0.0167028627838105
-0.0485373184277097	0.0311301510565933	-0.0165844027640671
-0.0114323295707006	-0.0565524055202565	-0.0164659427443238
0.0568846474149801	0.0098436119916898	-0.0163474827245805
-0.0298053742971033	0.0494798795982312	-0.0162290227048371
-0.035336401217822	-0.0457360745904452	-0.0161105626850938
0.0554640731324888	-0.0163703770236006	-0.0159921026653504
-0.00484379662834574	0.057659041818112	-0.0158736426456071
-0.052013906001787	-0.0254229778519934	-0.0157551826258638
0.0425671669588198	-0.0392877742209864	-0.0156367226061204
0.0212038581639618	0.0539405221078072	-0.0155182625863771
-0.0579896488803081	0.000216110266492691	-0.0153998025666338
0.020823814707357	-0.0541557874192432	-0.0152813425468904
0.0429519104128902	0.0390540700228669	-0.0151628825271471
-0.0519919339104583	0.0258940950733803	-0.0150444225074038
-0.0052963494791893	-0.0578719649399538	-0.0149259624876604
0.0558869323433066	0.0160433370567754	-0.0148075024679171
-0.0352231196161288	0.046298637954735	-0.0146890424481737
-0.0304034151366674	-0.0496319501503193	-0.0145705824284304
0.0573050771394452	-0.0103568475863341	-0.0144521224086871
-0.0111185892194125	0.0571919845458238	-0.0143336623889437
-0.0493002263722476	-0.0311033069182011	-0.0142152023692004
0.046877572160282	-0.0346954620013998	-0.0140967423494571
0.0153575432746138	0.056291682224634	-0.0139782823297137
-0.058058958619825	-0.00608791011082577	-0.0138598223099704
0.0267260499953681	-0.0519316205606354	-0.0137413622902271
0.0387354964310699	0.0437490325603598	-0.0136229022704837
-0.0548380755664393	0.0202587143635995	-0.0135044422507404
0.00099062429270852	-0.0584793480061306	-0.013385982230997
0.0541706532590278	0.0221249447426219	-0.0132675222112537
-0.0402696398284166	0.0424906845270042	-0.0131490621915104
-0.025021302808219	-0.0529541104431049	-0.013030602171767
0.058448204556106	-0.00413327584532176	-0.0129121421520237
-0.017335497265166	0.0559982341870491	-0.0127936821322804
-0.0459303708969024	-0.0364655971248358	-0.012675222112537
0.0506531278706555	-0.029607234971608	-0.0125567620927937
0.00924345414122879	0.0579641889193539	-0.0124383020730503
-0.0573985142294657	-0.0123948398953515	-0.012319842053307
0.0323657968354136	-0.0490263344711774	-0.0122013820335637
0.033979734495164	0.0479518575161181	-0.0120829220138203
-0.0570295912885782	0.0142995582676533	-0.011964461994077
0.00734143318052582	-0.0583590232618741	-0.0118460019743337
0.0517530248108888	0.0280015925016212	-0.0117275419545903
-0.0448702904705474	0.0381036251519289	-0.011609081934847
-0.0192615481720554	-0.0556503222813644	-0.0114906219151036
0.0588707804294343	0.00221475629698869	-0.0113721618953603
-0.0234065499984487	0.0540877769118389	-0.011253701875617
-0.0419456211501405	-0.041431524895182	-0.0111352418558736
0.0538358739881478	-0.0240900226215623	-0.0110167818361303
0.00294501155497446	0.0589283759196495	-0.010898321816387
-0.0560110026871746	-0.0186161799954389	-0.0107798617966436
0.0376615857819677	-0.0454746024560852	-0.0106614017769003
0.0287465411371628	0.051599251465061	-0.010542941757157
-0.0585300235075686	0.0080973161423893	-0.0104244817374136
0.013667653895209	-0.0575063575038072	-0.0103060217176703
0.048661872828238	0.0335892202871594	-0.0101875616979269
-0.0489568751976226	0.0331939386376309	-0.0100691016781836
-0.013201556888162	-0.0576775833952319	-0.00995064165844028
0.0585608803548851	0.00859950558372444	-0.00983218163869694
-0.0292456703023099	0.0514813983966837	-0.0097137216189536
-0.037396630171802	-0.0459284553042685	-0.00959526159921027
0.0563765551148331	-0.0182174165349425	-0.00947680157946693
-0.00345132144761014	0.0591651064692426	-0.00935834155972359
-0.0539100247822449	-0.0246644241186547	-0.00923988153998025
0.0425368384853007	-0.0413209031983281	-0.00912142152023692
0.0231051890510204	0.0546360405148217	-0.00900296150049359
-0.0593131513878498	0.00173657878616431	-0.00888450148075025
0.0198809492169124	-0.0559276709271757	-0.0087660414610069
0.0449351949734054	0.0388078289513695	-0.00864758144126358
-0.052468677097861	0.0278261030576932	-0.00852912142152024
-0.006923467754182	-0.0590027657745081	-0.0084106614017769
0.0575174980018265	0.0149324083740595	-0.00829220138203356
-0.0347699847837232	0.0482103527292847	-0.00817374136229023
-0.0323426380924235	-0.0498905422271089	-0.00805528134254688
0.0582353604715373	-0.0120685400127772	-0.00793682132280355
-0.00985736141950078	0.0586660519583528	-0.00781836130306022
-0.051119874468068	-0.0304543913844316	-0.00769990128331689
0.0469210289607481	-0.0366188310795364	-0.00758144126357354
0.0171312427213629	0.0570160015590009	-0.00746298124383021
-0.0593633785211479	-0.00469545509443495	-0.00734452122408687
0.0258944138675374	-0.0536401283548778	-0.00722606120434354
0.0406205704599361	0.0435826945118133	-0.0071076011846002
-0.0553533754258443	0.0220716047160881	-0.00698914116485686
-0.000512896430280708	-0.0596031096324176	-0.00687068114511352
0.0557505488718252	0.0211254304184397	-0.00675222112537019
-0.0399010825591432	0.0443158755323858	-0.00663376110562686
-0.0268505612482072	-0.0532597241113448	-0.00651530108588352
0.0593825206086427	-0.00572683774335081	-0.00639684106614018
-0.0161845488094497	0.0574338080860984	-0.00627838104639685
-0.0476751586800302	-0.0359045208543343	-0.00615992102665351
0.050750751423021	-0.0314302716962599	-0.00604146100691017
0.01090540239676	0.0587025575070692	-0.00592300098716683
-0.0586759605920148	-0.0111103084008425	-0.0058045409674235
0.0316238957759457	-0.0506714682973422	-0.00568608094768016
0.0357744276173475	0.0478455005810783	-0.00556762092793682
-0.0575678344492423	0.0160078443964591	-0.00544916090819348
0.0059423700791969	-0.0594665609050981	-0.00533070088845015
0.053280710391645	0.0270924056755438	-0.00521224086870681
-0.0445662043769119	0.0398485485820758	-0.00509378084896347
-0.0209939682402519	-0.0559866008985509	-0.00497532082922014
0.059798752314879	0.000721196686851472	-0.0048568608094768
-0.022345295037694	0.0554818470099388	-0.00473840078973347
-0.043620263337819	-0.0409381090625973	-0.00461994076999012
0.0539706791389512	-0.025824454773248	-0.00450148075024679
0.00451227342324282	0.0596693264402228	-0.00438302073050345
-0.0572570698336859	-0.0174195716366581	-0.00426456071076012
0.0369892734076989	-0.0470595739656708	-0.00414610069101679
0.0304611801650485	0.0515353724501489	-0.00402764067127344
-0.0590787529744024	0.00971695701458238	-0.00390918065153012
0.0123537090156331	-0.0585919474898114	-0.00379072063178677
0.0501391008369479	0.0327503445670363	-0.00367226061204343
-0.0486993447185728	0.0348675253686261	-0.0035538005923001
-0.0148519580468434	-0.0580311793549412	-0.00343534057255677
0.0594755453445268	0.00718733673689377	-0.00331688055281343
-0.0282543125965741	0.0528343063339409	-0.00319842053307009
-0.039008673498686	-0.0454844724615914	-0.00307996051332675
0.0565344003433587	-0.0198768984663943	-0.00296150049358341
-0.00196092095465108	0.05990051677468	-0.00284304047384008
-0.0551236954751163	-0.0235362456334011	-0.00272458045409674
0.0419156704720398	-0.0428518926671975	-0.0026061204343534
0.0247522449748427	0.0545997977502386	-0.00248766041461008
-0.0598631651484071	0.00328456205657691	-0.00236920039486673
0.0186330079167276	-0.0569889917768244	-0.00225074037512339
0.0463668019333366	0.0380206925102739	-0.00213228035538006
-0.0522422507894346	0.0294396290756116	-0.00201382033563672
-0.0085079567256757	-0.0593634759900982	-0.00189536031589339
0.0584152868885352	0.0135829629708567	-0.00177690029615004
-0.033829908678681	0.0495256181651648	-0.00165844027640671
-0.0339021577537182	-0.0494800177895187	-0.00153998025666337
0.0584051190524739	-0.0136682606311988	-0.00142152023692004
-0.00842566439469711	0.0593911627565781	-0.0013030602171767
-0.0523033817683351	-0.0293760613079432	-0.00118460019743336
0.0463345902290881	-0.0381047122207216	-0.00106614017769003
0.0187249558266055	0.0569954202687366	-0.000947680157946687
-0.059908785299332	-0.00320153680611946	-0.000829220138203349
0.0246940013636358	-0.0546781594122074	-0.000710760118460014
0.0420142322558525	0.0428305202927112	-0.000592300098716685
-0.0551453038080807	0.0236383363097751	-0.000473840078973352
-0.00204845042793778	-0.0599639688134282	-0.000355380059230003
0.0566312220749176	0.0198204075436468	-0.000236920039486665
-0.0389952233646279	0.0455999837934895	-0.000118460019743336
-0.0283698289332207	-0.0528692047065188	3.67394039744206e-18
0.0595562105737747	-0.00728311398482323	0.000118460019743343
-0.0147934903816036	0.0581471969335091	0.000236920039486673
-0.0488338075459131	-0.0348587570860211	0.00035538005923001
0.050184952789479	-0.0328823051062015	0.000473840078973346
0.0124613891736812	0.0586886953378172	0.000592300098716679
-0.0592141918427339	-0.00965268379601843	0.000710760118460021
0.0304535787962778	-0.0516903466080592	0.000829220138203356
0.037140380715744	0.0471136288414279	0.000947680157946694
-0.0573682697146335	0.0175426615731644	0.00106614017769003
0.00443832662933452	-0.0598238913737946	0.00118460019743337
0.0541472511651338	0.025814283358837	0.00130306021717671
-0.0436793942084308	0.0411107017916324	0.00142152023692003
-0.0224870949830587	-0.0556053866098599	0.00153998025666337
0.05997162362056	-0.000808663195328767	0.00165844027640671
-0.0209773235349365	0.0561853586145727	0.00177690029615005
-0.0447622135589881	-0.0399092952402379	0.00189536031589339
0.0534140202061821	-0.027255952984061	0.00201382033563673
0.00604711921103028	0.0596563972238824	0.00213228035538007
-0.0577888476180759	-0.0159807152136127	0.0022507403751234
0.0358330441877897	-0.0480664106598868	0.00236920039486673
0.0318119114533573	0.0508115521839801	0.00248766041461007
-0.0588809083121069	0.0112359589098085	0.0026061204343534
0.010863729932225	-0.0589453648161484	0.00272458045409674
0.0509975664825031	0.0314827783673358	0.00284304047384008
-0.0478186301255577	0.0361193594591822	0.00296150049358342
-0.0163345154674792	-0.0576515173059567	0.00307996051332676
0.0596461231651155	0.00566657722664279	0.0031984205330701
-0.0268927995828024	0.0535329397100289	0.00331688055281341
-0.0401446860540661	-0.0444589992776605	0.00343534057255676
0.0559781957863934	-0.0213028659539128	0.00355380059230009
-0.000430079434973429	0.0598859710923756	0.00367226061204344
-0.0556529563911737	-0.0220992959619502	0.00379072063178677
0.0407593090679617	-0.0438565506046255	0.00390918065153011
0.0261021533212147	0.0538744438729432	0.00402764067127345
-0.0596634319085549	0.00480465835967412	0.00414610069101679
0.01714004850733	-0.0573413660380585	0.00426456071076012
0.0472261344328053	0.0367488959808397	0.00438302073050345
-0.0513571788048441	0.0306948995154314	0.00450148075024679
-0.00999658052183232	-0.0589807131624593	0.00461994076999013
0.058585370473454	0.012054124789631	0.00473840078973347
-0.0324595445939757	0.0502273716993939	0.00485686080947681
-0.0350453071312533	-0.0484465956566862	0.00497532082922014
0.0578436858747381	-0.0151050124490964	0.00509378084896348
-0.00688156231743873	0.0593757243761943	0.00521224086870681
-0.0528371576341075	-0.027925228757995	0.00533070088845014
0.0451660013514564	-0.0391195471256616	0.00544916090819348
0.0200899888140659	0.0562618338365673	0.00556762092793683
-0.0597068067094529	-0.00166304420159423	0.00568608094768015
0.0231818350660086	-0.055035532405255	0.0058045409674235
0.0428860302229263	0.0415416233556691	0.00592300098716684
-0.054248173408503	0.0249125757548869	0.00604146100691017
-0.00356043020328612	-0.0595766624586584	0.00615992102665349
0.0568058391252353	0.0182668709064833	0.00627838104639684
-0.0376023946509678	0.0463156597803315	0.00639684106614017
-0.0295351843581811	-0.0518191444997748	0.00651530108588351
0.0589870143532648	-0.00874787695850877	0.00663376110562685
-0.0132191595193857	0.0581348547041716	0.0067522211253702
-0.0493820640387606	-0.0333797167734228	0.00687068114511353
0.0489944736476185	-0.0339218728517533	0.00698914116485687
0.0138586587611241	0.0579432444961739	0.0071076011846002
-0.0590128924898898	-0.00807852458359784	0.00722606120434353
0.0289072028931719	-0.0520618058549829	0.00734452122408687
0.0380386350194116	0.0457970103479936	0.00746298124383021
-0.0564543460750696	0.018852812989134	0.00758144126357355
0.00288546694828609	-0.0594338758682077	0.00769990128331688
0.0543345682007651	0.0242204030720221	0.00781836130306023
-0.0422525380107252	0.0418536724666081	0.00793682132280356
-0.0236913738644729	-0.0545328455786619	0.00805528134254689
0.0593953822392267	-0.00231916381451163	0.00817374136229023
-0.019356513983955	0.0561833139164001	0.00829220138203356
-0.0453376485009071	-0.0383895611226914	0.0084106614017769
0.0521946961861253	-0.0283366860767988	0.00852912142152024
0.00749450031727613	0.0588986570323217	0.00864758144126357
-0.0575944184216533	-0.014354075510998	0.00876604146100691
0.0342390703995138	-0.0484639215459881	0.00888450148075026
0.0327527072842056	0.049459143237381	0.00900296150049358
-0.0579485976720999	0.012599987987584	0.00912142152023691
0.00925265673492309	-0.0585577743128341	0.00923988153998026
0.0512087561793492	0.0298342878885271	0.00935834155972359
-0.0463485629238212	0.0369052970008371	0.00947680157946693
-0.0175957126879098	-0.0565537076578296	0.00959526159921026
0.0590668670095636	0.00409253393193027	0.0097137216189536
-0.0252103941510179	0.0535515100718364	0.00983218163869695
-0.0407624894967517	-0.0428882755611895	0.00995064165844027
0.0547260211675152	-0.0224427226193054	0.0100691016781836
0.0010856367585529	0.0591188208566393	0.010187561697927
-0.055474795308761	-0.0204042397997568	0.0103060217176703
0.0391063350169847	-0.0442947484702836	0.0104244817374136
0.0271033418516694	0.0524809988431694	0.010542941757157
-0.0587144153327125	0.00624114927631441	0.0106614017769003
0.0154540437962319	-0.0569646127871454	0.0107798617966436
0.0474752014065534	0.0350332960623698	0.010898321816387
-0.0498373956532201	0.031541472896482	0.0110167818361303
-0.0113335774609991	-0.057858071267082	0.0111352418558736
0.0580104586090037	0.0103990810203498	0.011253701875617
-0.0307019616007724	0.0502798517071243	0.0113721618953603
-0.0357228858305775	-0.0468171019600708	0.0114906219151037
0.0565578072157949	-0.0163231020204797	0.011609081934847
-0.00527936171292258	0.0586054016248285	0.0117275419545903
-0.0526877668623754	-0.026147111891757	0.0118460019743337
0.0434449591432992	-0.0396154915939377	0.011964461994077
0.0211708319426626	0.0548251663970432	0.0120829220138203
-0.0587461315228886	-0.000135305456287896	0.0122013820335637
0.0214052180367279	-0.0546812411397337	0.012319842053307
0.0431895972189158	0.0397485513397328	0.0124383020730504
-0.0526751148308107	0.0258391176959642	0.0125567620927937
-0.0049925875981465	-0.0584329771060203	0.012675222112537
0.0562459314746955	0.016514142122497	0.0127936821322804
-0.0357579750596384	0.046418140900732	0.0129121421520237
-0.0302918536334538	-0.0501259115676768	0.013030602171767
0.0576698946467674	-0.0100640655261448	0.0131490621915104
-0.011512826527351	0.0573709654766678	0.0132675222112537
-0.0492769049895874	-0.0315055886210464	0.013385982230997
0.0471989521232878	-0.0344947671098097	0.0135044422507404
0.0150394507246527	0.0564644264615306	0.0136229022704837
-0.0580490206952885	-0.00644097498261704	0.013741362290227
0.0270257435107169	-0.0517447051709543	0.0138598223099704
0.0384156919322251	0.043918586458118	0.0139782823297137
-0.0548276300929666	0.0198799606016171	0.0140967423494571
0.00133872804865669	-0.0582763745338917	0.0142152023692004
0.0538035543011294	0.0223544999292133	0.0143336623889437
-0.0403119130528277	0.0420248239009467	0.0144521224086871
-0.0245480202092205	-0.0527739787348274	0.0145705824284304
0.0580529244426058	-0.00375366429197496	0.0146890424481737
-0.0175293289068704	0.0554387995787913	0.0148075024679171
-0.0452949563465059	-0.0364085508278629	0.0149259624876604
0.0503212337732376	-0.0290075642369003	0.0150444225074037
0.00879617020008997	0.0573821782723433	0.0151628825271471
-0.0566392319573593	-0.0125888034874265	0.0152813425468904
0.0322403908392144	-0.0482016937404009	0.0153998025666338
0.0332243258733207	0.0474902905504235	0.0155182625863771
-0.0562712149205835	0.0137493009822587	0.0156367226061204
0.00757228156433164	-0.0573971669364975	0.0157551826258638
0.0507236416417986	0.0278413298488768	0.0158736426456071
-0.0443049986794054	0.0371661101591057	0.0159921026653504
-0.0185744308322939	-0.0547306156481543	0.0161105626850938
0.0577084961114196	0.00251958302188194	0.0162290227048371
-0.0232469880180215	0.0528425714425359	0.0163474827245805
-0.0408030495839603	-0.0407919584500368	0.0164659427443238
0.0527743666912232	-0.0232341086616102	0.0165844027640671
0.00252933612265969	0.0575727091042606	0.0167028627838105
-0.0545435585857044	-0.0184944131008928	0.0168213228035538
0.0369802950642682	-0.0441078398344238	0.0169397828232971
0.0276923594377301	0.0504197340322162	0.0170582428430405
-0.0569928857501172	0.00753470985756705	0.0171767028627838
0.0136217736275055	-0.0558150931568501	0.0172951628825272
0.0470559537660788	0.0329014126228978	0.0174136229022705
-0.0476871114256549	0.0319149725410003	0.0175320829220138
-0.0124572858787276	-0.0559756586597857	0.0176505429417572
0.0566491619796044	0.00866804365256294	0.0177690029615005
-0.0285887299525183	0.0496258318599962	0.0178874629812438
-0.0358697747623205	-0.04459984299729	0.0180059230009872
0.0545311465293129	-0.0172586441621718	0.0181243830207305
-0.00367268171494195	0.0570413015877212	0.0182428430404739
-0.0517990476220124	-0.0240774005113375	0.0183613030602172
0.0411840219468894	-0.0395268856955195	0.0184797630799605
0.0219015077602461	0.0526728588113605	0.0185982230997039
-0.0569906216904213	0.00132469330242223	0.0187166831194472
0.0194040187431073	-0.0535604465958168	0.0188351431391905
0.0428589534297651	0.0374682670829448	0.0189536031589339
-0.0504175726027599	0.0263500432438731	0.0190720631786772
-0.00628462670038207	-0.056499798996171	0.0191905231984205
0.0548982578842512	0.0146063153586015	0.0193089832181639
-0.0334834791015823	0.0458413686149508	0.0194274432379072
-0.0305701483033459	-0.0477851828347868	0.0195459032576505
0.0555750415090528	-0.0111681501674066	0.0196643632773939
-0.00972284411400999	0.0558041773053676	0.0197828232971372
-0.0484524551574024	-0.029262578689534	0.0199012833168805
0.0447985270753932	-0.0345297241316951	0.0200197433366239
0.0159370989714264	0.0542260236597942	0.0201382033563672
-0.0562734215495042	-0.0047926627232399	0.0202566633761106
0.0248402286802656	-0.0506736360025195	0.0203751233958539
0.0381989303459195	0.0414831864641032	0.0204935834155972
-0.0524657928781595	0.0205544214972279	0.0206120434353406
-0.000144989413348035	-0.0563047529482971	0.0207305034550839
0.0524895726719344	0.0202525426241506	0.0208489634748272
-0.0378672644990424	0.0415504203511696	0.0209674234945706
-0.0249844785553818	-0.0503106484527525	0.0210858835143139
0.0559004747143075	-0.00505101395808337	0.0212043435340573
-0.015536782243549	0.0538882774462366	0.0213228035538006
-0.0445595552212272	-0.0339811455789269	0.0214412635735439
0.0477799937562323	-0.029193329978532	0.0215597235932873
0.00988677415772097	0.0550663967587671	0.0216781836130306
-0.054861197315774	-0.0107310463341448	0.021796643632774
0.0298572353712332	-0.0472045943514633	0.0219151036525173
0.0331490061313785	0.0448961631367567	0.0220335636722606
-0.0538117724425379	0.0146144104548017	0.0221520236920039
0.00587395374209342	-0.0554032690613157	0.0222704837117473
0.0494668613396469	0.0255296852270507	0.0223889437314906
-0.0416842249878196	0.0368217620917817	0.022507403751234
-0.0191971485514441	-0.0521492068598456	0.0226258637709773
0.0555129450707618	0.0010043230921586	0.0227443237907206
-0.0210341029947052	0.051330883760599	0.022862783810464
-0.0401843124095268	-0.0381717627074008	0.0229812438302073
0.0500945374935637	-0.0235995973556862	0.0230997038499506
0.00383914803423298	0.0551921897453913	0.023218163869694
-0.0527845057230796	-0.0164072526954734	0.0233366238894373
0.0343886354412022	-0.0432120445166089	0.0234550839091807
0.027788034330264	0.0476666883126063	0.023573543928924
-0.0544464465976996	0.00861820177184182	0.0236920039486673
0.0116867456143004	-0.0538189723290555	0.0238104639684107
0.045883209046114	0.0303667206724689	0.023928923988154
-0.0448874986047031	0.031730675873506	0.0240473840078973
-0.0132953338185287	-0.0532845763902241	0.0241658440276407
0.0544289853937477	0.00691072542801479	0.024284304047384
-0.0261396408713462	0.048179085514372	0.0244027640671273
-0.0353979304924556	-0.0417815280492798	0.0245212240868707
0.0517187669090236	-0.0178340998241109	0.024639684106614
-0.00211755003881344	0.0546127300292856	0.0247581441263574
-0.050084122032269	-0.0217424765474173	0.0248766041461007
0.038375839733684	-0.03876263267736	0.024995064165844
0.0221994117566945	0.0497644152044074	0.0251135241855874
-0.0543718719415975	0.00265452719489932	0.0252319842053307
0.0172114681613264	-0.0515860479327798	0.025350444225074
0.0418002555530211	0.0346997630002058	0.0254689042448174
-0.0474399833632949	0.0263578217704534	0.0255873642645607
-0.00736767413746465	-0.0537115255384598	0.0257058242843041
0.0526759584335206	0.0125837094409298	0.0258242843040474
-0.0307846381786422	0.0444891005658747	0.0259427443237907
-0.030277791208959	-0.0447668291000295	0.0260612043435341
0.0526401931937577	-0.0119847917941868	0.0261796643632774
-0.00789683471675274	0.0533483706910667	0.0262981243830207
-0.0468104626622271	-0.0266635454101641	0.0264165844027641
0.0417690126639995	-0.0339299425076172	0.0265350444225074
0.0164698188424827	0.0511696762569661	0.0266535044422508
-0.0536012508475141	-0.00318870293812382	0.0267719644619941
0.0223710198988937	-0.0487487696242201	0.0268904244817374
0.0372872919077973	0.0384730817607375	0.0270088845014807
-0.0493149586356769	0.0207880262167501	0.0271273445212241
-0.0015029189453964	-0.0534360119166744	0.0272458045409674
0.0502916944510515	0.0179427560395137	0.0273642645607108
-0.0349078363672931	0.0403254610610864	0.0274827245804541
-0.0249062992762765	-0.0470940640105138	0.0276011846001974
0.0528574826049674	-0.00614067055049858	0.0277196446199408
-0.0134153029598759	0.0514302399038226	0.0278381046396841
-0.0430228657847427	-0.0311040754903802	0.0279565646594274
0.0445278879642285	-0.0287934051947501	0.0280750246791708
0.0106879079105454	0.0518738474091502	0.0281934846989141
-0.0521587945706538	-0.00882575408585695	0.0283119447186575
0.0270943280660034	-0.0453608804264479	0.0284304047384008
0.0324202433397803	0.0416400065178984	0.0285488647581441
-0.0504965585766379	0.0151090059896506	0.0286673247778875
0.00421143338340885	-0.0524751600516053	0.0287857847976308
0.0473239765062633	0.0229125703309765	0.0289042448173741
-0.0384564627657022	0.0357600765587508	0.0290227048371175
-0.0193696513068653	-0.0487402207528414	0.0291411648568608
0.0523805491098588	-0.000390419044205149	0.0292596248766042
-0.0185939321076054	0.0488998345252902	0.0293780848963475
-0.0387887414535729	-0.0350055334834496	0.0294965449160908
0.0466224493712238	-0.0234371222055566	0.0296150049358342
0.00494295932414831	0.0518795548829716	0.0297334649555775
-0.0500794280603663	-0.0141743945343147	0.0298519249753208
0.031317477753956	-0.0414848359087764	0.0299703849950642
0.0272805544118948	0.0441637040640223	0.0300888450148075
-0.0509800914947634	0.00941004748846416	0.0302073050345508
0.00969048184304263	-0.0508570795024784	0.0303257650542942
0.0438298823344851	0.0274242698022489	0.0304442250740375
-0.0413870985826625	0.0308711896558484	0.0305626850937808
-0.0137565478418917	-0.0496933066518683	0.0306811451135242
0.0512304870392401	0.00517894983148683	0.0307996051332675
-0.0233593183652134	0.0458084652952572	0.0309180651530109
-0.0341826052761951	-0.038318188915094	0.0310365251727542
0.0480334670473855	-0.0179486194751294	0.0311549851924975
-0.000676473702406549	0.0512007227281698	0.0312734452122409
-0.0474083424168866	-0.0191571750315477	0.0313919052319842
0.0349847414711042	-0.0371909228966252	0.0315103652517275
0.0219539944649085	0.0460178176251496	0.0316288252714709
-0.0507722017549701	0.00378066205721542	0.0317472852912142
0.0148532340783857	-0.0486205276934534	0.0318657453109576
0.0398749944423191	0.0314164833739963	0.0319842053307009
-0.0436664159801337	0.0257422414107108	0.0321026653504442
-0.00815686910489806	-0.0499526232172467	0.0322211253701876
0.0494393465543465	0.0104834264001132	0.0323395853899309
-0.0276448370472607	0.0422165639626667	0.0324580454096742
-0.0292850120872468	-0.0410019433814659	0.0325765054294176
0.048752883017558	-0.0124175533723226	0.0326949654491609
-0.00608391017083776	0.049862462294093	0.0328134254689042
-0.0442004039356052	-0.0237026414159253	0.0329318854886476
0.0380494941024195	-0.0325562691401506	0.0330503455083909
0.016529403354868	0.0471869596877028	0.0331688055281343
-0.0498908737135429	-0.00169076090692789	0.0332872655478776
0.0196238621534732	-0.0458144249498155	0.0334057255676209
0.0355324929176929	0.0348363449253514	0.0335241855873643
-0.0452717741971983	0.0204606661082296	0.0336426456071076
-0.00266033640382894	-0.0495288840685017	0.0337611056268509
0.0470497578910082	0.0154432934957418	0.0338795656465943
-0.0313917068568123	0.0381928657134682	0.0339980256663376
-0.02418140860914	-0.0430270250204362	0.034116485686081
0.0487840416678749	-0.00693439046105038	0.0342349457058243
-0.0111962542115109	0.0479008079961681	0.0343534057255676
-0.0405194318915959	-0.0277464612377791	0.034471865745311
0.0404749999479522	-0.0276637622654745	0.0345903257650543
0.0110973994975949	0.0476670527066213	0.0347087857847976
-0.0483652803821564	-0.00691828036620947	0.034827245804541
0.0239328825650393	-0.0424972325754351	0.0349457058242843
0.0308821485101743	0.0376403663247061	0.0350641658440276
-0.0461916671566528	0.0151166372788037	0.035182625863771
0.00264481753856499	-0.0484441769011761	0.0353010858835143
0.0441144138018797	0.0199843504503788	0.0354195459032577
-0.0345499415816221	0.0338134835786443	0.035538005923001
-0.0189609268090275	-0.0443745387696212	0.0356564659427443
0.0481417644226077	-0.00158908484879623	0.0357749259624877
-0.0159350532344982	0.0453623072731568	0.035893385982231
-0.0364373607515027	-0.0312324460936849	0.0360118460019743
0.0422350604669213	-0.0226008994098141	0.0361303060217177
0.00574907444659995	0.0474655148869037	0.036248766041461
-0.0462354830756759	-0.0118196858406706	0.0363672260612043
0.0277182405470839	-0.0387362085415769	0.0364856860809477
0.0260092369630663	0.039795176602678	0.036604146100691
-0.046426017720104	0.0098017895496704	0.0367226061204344
0.00767314449906736	-0.0467317739782205	0.0368410661401777
0.0406954235135505	0.0240390501286319	0.036959526159921
-0.0370791737830581	0.029160895261058	0.0370779861796644
-0.0137151427950111	-0.0450368654354077	0.0371964461994077
0.0468522711677327	0.00353022099608649	0.037314906219151
-0.0202276779610222	0.0423034766458973	0.0374333662388944
-0.0320333065719501	-0.0341134521077616	0.0375518262586377
0.0433145134787041	-0.0174585925494576	0.0376702862783811
0.000574700897108171	0.0466012915281846	0.0377887462981244
-0.0435519923750909	-0.0163177102969331	0.0379072063178677
0.0309262788666703	-0.0346065597111532	0.038025666337611
0.021003399659248	0.0412781155963797	0.0381441263573544
-0.0459863168140601	0.00460794418499541	0.0382625863770977
0.0123432160528514	-0.0444357996997484	0.0383810463968411
0.0368635561070312	0.0275475268730814	0.0384995064165844
-0.0389493362137156	0.0243228673645523	0.0386179664363277
-0.00853683001106901	-0.0450179053130586	0.0387364264560711
0.0449529549656524	0.00833844330841188	0.0388548864758144
-0.0240083997453246	0.0387901405592438	0.0389733464955577
-0.0273925623306358	-0.0363521415095796	0.0390918065153011
0.0437095768304729	-0.012329959105843	0.0392102665350444
-0.00433751541990651	0.0451047361987719	0.0393287265547878
-0.0403752056100178	-0.0203411465582184	0.0394471865745311
0.033512571055588	-0.0301905149148064	0.0395656465942744
0.015957480891678	0.0420776720582187	0.0396841066140178
-0.044895609101119	-0.000374129395432191	0.0398025666337611
0.0165787683748466	-0.0416107686795543	0.0399210266535044
0.0326973969718207	0.0304584920541051	0.0400394866732478
-0.0401411876128976	0.0193913479270792	0.0401579466929911
-0.00351874084366414	-0.0443331650706954	0.0402764067127344
0.0424920213555755	0.0127547192357448	0.0403948667324778
-0.027219338358097	0.0348966756986277	0.0405133267522211
-0.0226055535049173	-0.0379215882374926	0.0406317867719645
0.0434280318505187	-0.00730913373836057	0.0407502467917078
-0.00890260422719953	0.0430173504708681	0.0408687068114511
-0.036774742230992	-0.0238258365854365	0.0409871668311945
0.0354425978584629	-0.0255763503697214	0.0411056268509378
0.0109663793959723	0.0421937576499431	0.0412240868706812
-0.0431883308501909	-0.00505587727179979	0.0413425468904245
0.0203097217493858	-0.0383210139278378	0.0414610069101678
0.0282824486876595	0.0327299713726476	0.0415794669299112
-0.0406466698128815	0.0144613665061039	0.0416979269496545
0.00124754128239608	-0.0430096898567555	0.0418163869693978
0.0395280095117085	0.0167034449153341	0.0419348469891412
-0.0298112492047717	0.0307051915881908	0.0420533070088845
-0.0177667945648807	-0.0388057093295879	0.0421717670286278
0.0424892441164507	-0.00249014670448872	0.0422902270483712
-0.0130398754600772	0.0403913964743039	0.0424086870681145
-0.032828706797116	-0.0267154968248149	0.0425271470878579
0.0366922426998198	-0.0208574092370466	0.0426456071076012
0.00612596284738947	0.0416378090432287	0.0427640671273445
-0.0409100104024688	-0.00935200055331314	0.0428825271470879
0.0234730315442852	-0.0346400330946581	0.0430009871668312
0.023710218838552	0.0343298528536343	0.0431194471865745
-0.0404690820295901	0.00962999377466833	0.0432379072063179
0.00567262450147414	-0.041085846130075	0.0433563672260612
0.0361292205583493	0.0201151390199919	0.0434748272458046
-0.0317441110199061	0.0263046900939604	0.0435932872655479
-0.0129739014116352	-0.0389995003997232	0.0437117472852912
0.0409240208731437	0.00203407059174275	0.0438302073050345
-0.0166737819822174	0.0372894037869404	0.0439486673247779
-0.0286229215114098	-0.028962331600778	0.0440671273445212
0.0372480754480707	-0.0161311730723396	0.0441855873642646
0.0015321119533036	0.0404327097577954	0.0443040473840079
-0.0381168475462937	-0.0131813037707303	0.0444225074037512
0.0260133122610756	-0.0306497929224158	0.0445409674234946
0.0190773546647654	0.0352362041008523	0.0446594274432379
-0.0396230544003575	0.00499543334845897	0.0447778874629812
0.00967012930680176	-0.0386109645295243	0.0448963474827246
0.032373089952924	0.022927061573949	0.0450148075024679
-0.0329874599411504	0.0217902650144395	0.0451332675222113
-0.00832673845767621	-0.0385090454455335	0.0452517275419546
0.0387743051807056	0.00617246614975405	0.0453701875616979
-0.0197345166770786	0.0337836024238616	0.0454886475814413
-0.0242501894877071	-0.0305273655277403	0.0456071076011846
0.0371073802096048	-0.0114984694513565	0.0457255676209279
-0.00272000828603364	0.0386125197909341	0.0458440276406713
-0.0348751959229981	-0.0164672534868062	0.0459624876604146
0.0278831481136584	-0.0264400512891018	0.0460809476801579
0.0144849136334163	0.0354372968101515	0.0461994076999013
-0.0381342933378679	0.00065635472645815	0.0463178677196446
0.0131571920899999	-0.0356448560438529	0.0464363277393879
0.0283455590191863	0.0250834810301933	0.0465547877591313
-0.0335203863904905	0.0172624343012217	0.0466732477788746
-0.00392682068264996	-0.0373512538024504	0.046791707798618
0.036092705050375	0.00983629998524911	0.0469101678183613
-0.0221582131472022	0.0299553293052873	0.0470286278381046
-0.0198096826603741	-0.0313803852656343	0.047147087857848
0.0362778549592824	-0.00706294721659375	0.0472655478775913
-0.00653629587676977	0.0362219909971367	0.0473840078973346
-0.0312609835601492	-0.0191380889495022	0.047502467917078
0.0290429490260169	-0.0221077889963753	0.0476209279368213
0.0100379114332623	0.0349312348993074	0.0477393879565647
-0.036039049613579	-0.00328835673651503	0.047857847976308
0.0160544618832828	-0.0322572181799088	0.0479763079960513
0.0241405315020275	0.0265354108373417	0.0480947680157947
-0.0333310518056907	0.0128267543797943	0.048213228035538
0.000122830843689814	-0.0355532395473438	0.0483316880552813
0.0329418477631239	0.0129390037274649	0.0484501480750247
-0.0238865263700089	0.0258944813756079	0.048568608094768
-0.0154066081792647	-0.0314992987671718	0.0486870681145114
0.0347768518566487	-0.00293104051101039	0.0488055281342547
-0.00982341283508265	0.0333158212172384	0.048923988153998
-0.0273591230374377	-0.021126207983172	0.0490424481737414
0.0294600996805433	-0.0177569037955445	0.0491609081934847
0.0058453900040351	0.0337249949474543	0.049279368213228
-0.0333832109187261	-0.00673912417319196	0.0493978282329714
0.0182852509814461	-0.0285269485613094	0.0495162882527147
0.0198595575567702	0.0272394885704386	0.049634748272458
-0.0324154564716053	0.00859397733126448	0.0497532082922014
0.00371702417366483	-0.0331511754101685	0.0498716683119447
0.0293935256822397	0.0153950549641395	0.0499901283316881
-0.0248651749471876	0.0216991347355729	0.0501085883514314
-0.01115242576895	-0.0308685440438602	0.0502270483711747
0.0326298964561585	0.000787173500809803	0.0503455083909181
-0.0124873435093628	0.0299575390232065	0.0504639684106614
-0.02326298865864	-0.0223662981458928	0.0505824284304047
0.0291069070097812	-0.0134984397131516	0.0507008884501481
0.0020214590399174	0.0318324916468328	0.0508193484698914
-0.0302208044813389	-0.00959388569735841	0.0509378084896348
0.0197731739599935	-0.0245413739926298	0.0510562685093781
0.0156120006796035	0.0271553419192392	0.0511747285291214
-0.0307749041440509	0.00468124806169131	0.0512931885488648
0.00674622330661615	-0.0301882570307596	0.0514116485686081
0.0255275330159628	0.0171170373310232	0.0515301085883514
-0.0250405848591932	0.0174755392089764	0.0516485686080948
-0.0071661449846308	-0.0294757716286417	0.0517670286278381
0.0298679125380233	0.00397540795676243	0.0518854886475814
-0.0144297854300284	0.0262177538215918	0.0520039486673248
-0.0190740800039514	-0.0227910944156069	0.0521224086870681
0.0279562770556445	-0.0094518892262729	0.0522408687068114
-0.00131175309368746	0.029270804552075	0.0523593287265548
-0.0266113994807383	-0.0117437262389528	0.0524777887462981
0.0204368298355159	-0.0203953573642349	0.0525962487660415
0.0115161925526113	0.0262399845030648	0.0527147087857848
-0.0284108974324033	0.00121539337336834	0.0528331688055281
0.00909133883405278	-0.0267109071907924	0.0529516288252715
0.0214298974911456	0.0180090300544262	0.0530700888450148
-0.0243526642809012	0.0133388909615062	0.0531885488647581
-0.00357784858130462	-0.0273049776289404	0.0533070088845015
0.0265217562656689	0.00650505318548769	0.0534254689042448
-0.0155400008218092	0.0221710633448437	0.0535439289239882
-0.0149020568630312	-0.022322112671131	0.0536623889437315
0.0259725254431024	-0.00574875698523656	0.0537808489634748
-0.00401705975954561	0.026052403382794	0.0538993089832182
-0.0226150561781008	-0.0130629195053799	0.0540177690029615
0.0201779733986428	-0.0161900616652598	0.0541362290227048
0.00770270248795247	0.0244355702059384	0.0542546890424482
-0.0253141825614029	-0.00165916313503815	0.0543731490621915
0.0106116708205585	-0.0227608651429972	0.0544916090819349
0.0171895743926322	0.0179515705416015	0.0546100691016782
-0.0227185325382162	0.00941575167024541	0.0547285291214215
-0.000537299693333777	-0.0243211654981518	0.0548469891411648
0.022610151535068	0.00822073269854206	0.0549654491609082
-0.0156757667169422	0.0178894742017126	0.0550839091806515
-0.0108653993138266	-0.0208480582408625	0.0552023692003949
0.0230899743118576	-0.00254144460377504	0.0553208292201382
-0.00592514163877469	0.0221670454760487	0.0554392892398815
-0.0182806407580424	-0.0133848672268368	0.0555577492596249
0.0188528494117605	-0.0120303694597246	0.0556762092793682
0.00432267779322206	0.0216395317532234	0.0557946692991115
-0.0214378163729637	-0.00376058491887922	0.0559131293188549
0.0111146028155176	-0.0183555604775222	0.0560315893385982
0.0128901916853205	0.01676349949657	0.0561500493583416
-0.019990719788779	0.00585029697493137	0.0562685093780849
0.00176370085854315	-0.0204303460912917	0.0563869693978282
0.0181076355790353	0.00890224578815329	0.0565054294175716
-0.0146123396633406	0.013424405929273	0.0566238894373149
-0.00709269434059942	-0.0181658874014982	0.0567423494570582
0.0191532661004096	-2.72640747952992e-05	0.0568608094768016
-0.00678695785655439	0.0175299757756096	0.0569792694965449
-0.0136111086375532	-0.0124333022862596	0.0570977295162883
0.0161880800683408	-0.00801584173233827	0.0572161895360316
0.00157114658904361	0.0176144673127578	0.0573346495557749
-0.0166132085942879	-0.00481056132963397	0.0574531095755183
0.0102617966817807	-0.0134242282161674	0.0575715695952616
0.00858036832878444	0.0140796932623636	0.0576900296150049
-0.0158183120486297	0.00282126391558451	0.0578084896347483
0.00301914614346096	-0.0153412274701348	0.0579269496544916
0.0128280773136328	0.00813454658759123	0.0580454096742349
-0.011859775114151	0.0087355593102949	0.0581638696939783
-0.00371993121396262	-0.013759802139	0.0582823297137216
0.0136819977393094	0.00146652527054449	0.058400789733465
-0.00608914465583381	0.0117651912726467	0.0585192497532083
-0.00840552233684237	-0.00953761955772706	0.0586377097729516
0.0114102863530119	-0.00418543625375783	0.058756169792695
-0.000222536131464866	0.0115641014401701	0.0588746298124383
-0.0101238397633694	-0.00416211730946748	0.0589930898321816
0.00709350213814456	-0.00745029539813872	0.059111549851925
0.00407344704269702	0.0086725405615896	0.0592300098716683
-0.00879755581093816	0.000601775125468665	0.0593484698914117
0.0023775160217644	-0.007617851699005	0.059466929911155
0.00550459574169446	0.00439098309075779	0.0595853899308983
-0.00514722616781088	0.00299271847133497	0.0597038499506417
-0.000716147356961443	-0.00455832894494172	0.059822309970385
0.00260399522364728	0.000568596399701097	0.0599407699901283
